eval_accuracy = 0.8498264
eval_loss = 0.66078454
f_score = 0.8442844
global_step = 10362
loss = 0.66078454
precision = 0.81282496
recall = 0.8782772
